Вы выбрали это вариант уравнения 1

Матрица A:
[[ 81.  22. -15. ...  29.  66.  70.]
 [ 55.  41. -11. ...  87. -45. -16.]
 [-35.  23. -56. ...  66.  80. -35.]
 ...
 [ 33. -37. -56. ...  79. -16.  26.]
 [-17.  71.  78. ... -63. -70. -45.]
 [-56. -94. -34. ... -80.  49.  31.]]
Матрица B:
[[-25.  27.]
 [-91.   7.]
 [ 77.  66.]
 [ 99.  77.]
 [-53. -71.]
 [ 41. -19.]
 [-78.  53.]
 [-53. -51.]
 [-47.  62.]
 [-40. -10.]
 [ 13.  35.]
 [-13.  10.]
 [ 96. -34.]
 [ -2.  87.]
 [ 54. -48.]
 [ 22. -90.]
 [ 37.  34.]
 [ 43. -85.]
 [ 75.  86.]
 [ 87.  19.]
 [ 68.   6.]
 [ 86. -39.]
 [-65. -39.]
 [-97. -83.]
 [-45. -26.]
 [ 74.  27.]
 [ 11.  -6.]
 [-17. -89.]
 [ 21.  27.]
 [-65.  33.]
 [ 78. -23.]
 [ -6. -36.]
 [-27.  -6.]
 [-78.  53.]
 [-79.  -3.]
 [ 48.  -6.]
 [ -7.  34.]
 [-16. -35.]
 [-45. -21.]
 [  4.  84.]
 [ 64.  96.]
 [ 28.   5.]
 [ 70. -88.]
 [-58.  41.]
 [-22.   6.]
 [ 72. -72.]
 [-93. -64.]
 [ 57. -76.]
 [-27.   5.]
 [ 35. -56.]
 [-40. -93.]
 [ -9. -55.]
 [-35.  46.]
 [ 53.  64.]
 [ 48.  -6.]
 [-47. -34.]
 [ 12. -71.]
 [ 62. -22.]
 [ 22. -26.]
 [ 25.  73.]
 [ 39. -75.]
 [ 31.  70.]
 [ 39.  67.]
 [ 69. -78.]
 [-17.  77.]
 [-81.  28.]
 [-75.   5.]
 [ 67.  51.]
 [ -5. -30.]
 [-11.  23.]
 [ -1. -35.]
 [-10. -41.]
 [-89.  47.]
 [ 32. -31.]
 [ 16.  15.]
 [ -5. -70.]
 [ 96.  49.]
 [-65. -59.]
 [-98. -67.]
 [-40.   1.]
 [-30.  38.]
 [ 99. -36.]
 [-77. -84.]
 [ 57.  45.]
 [ 25. -18.]
 [-80. -68.]
 [ 43. -62.]
 [-87.  80.]
 [-48. -45.]
 [-29.  25.]
 [ 80. -73.]
 [-38.  97.]
 [ 72. -16.]
 [-93.  65.]
 [-47. -12.]
 [-96. -34.]
 [ 25.  -5.]
 [-21.  33.]
 [ 35.  57.]
 [-36.  55.]]
Матрица X:
[[ 0.50452423  1.02965533]
 [-0.76263608 -1.45279   ]
 [-1.37660171 -1.84399402]
 [ 0.13860207 -0.09003301]
 [ 0.05706891  0.84714056]
 [ 2.72649393  2.60770885]
 [-1.67153682 -1.39651936]
 [ 1.59620066  1.2329255 ]
 [-1.5654373  -1.73164578]
 [ 0.75315643  1.20731955]
 [ 0.5835049   0.75471596]
 [ 1.9641639   2.02213266]
 [ 2.12237043  2.10641186]
 [-0.28427766 -0.87971321]
 [-2.39988239 -3.16457076]
 [-0.09002223  0.11933701]
 [ 0.53490181 -0.23683253]
 [ 1.12504621  1.44716656]
 [ 1.30736181  0.61207129]
 [ 0.20036517  1.05802475]
 [ 0.31224209  0.15034129]
 [ 0.3873153   1.36350184]
 [-0.19256785 -1.14435878]
 [-0.41496741 -2.16635316]
 [ 1.34533079  2.83607599]
 [ 2.31651894  2.58441327]
 [-2.2019848  -2.94921543]
 [ 0.0464742   0.82715313]
 [-1.53537854 -1.51453   ]
 [-1.06487037 -3.68175589]
 [-0.26382951 -0.78855165]
 [ 1.0652848   1.97894565]
 [-1.41844796 -1.54013473]
 [-2.49430116 -1.97910417]
 [-0.4109685   0.87528076]
 [ 3.0655936   3.23941004]
 [ 1.30084524  1.42292831]
 [-3.21448898 -3.2128908 ]
 [ 0.8912114   3.13162551]
 [-1.78996177 -1.61475549]
 [ 1.69606602  2.15472096]
 [-0.33374661  0.39200069]
 [-0.39187946 -1.23819321]
 [-0.7148636  -0.56813288]
 [-2.32134374 -2.3488147 ]
 [ 0.78017788  1.17461523]
 [ 0.02018654 -1.38171546]
 [ 2.13590629  2.58293942]
 [-0.29000528 -0.02283425]
 [ 0.93712207  2.84517333]
 [-0.50254468 -2.10084571]
 [ 0.53433596  1.75416944]
 [ 3.18978371  3.91129729]
 [-0.16421007 -1.02625531]
 [-0.94017092 -1.39723749]
 [ 2.64431569  2.16305454]
 [ 1.09409094  1.49790121]
 [-3.00307049 -3.85260653]
 [-0.580496   -0.74984887]
 [ 0.42222086  1.51002594]
 [-1.45244314 -1.86304807]
 [-1.38986922 -2.5843549 ]
 [ 1.84283472  2.45365081]
 [ 1.57129861  3.41868439]
 [ 2.27815207  3.1414212 ]
 [-2.88800094 -4.30335018]
 [-1.37901519 -2.1496468 ]
 [ 0.8130589   0.77542659]
 [ 3.43468602  4.00586789]
 [-0.30199009  0.24914088]
 [-0.32305936 -0.79324759]
 [-0.83730402  0.17481047]
 [ 0.54519854  0.67246364]
 [-0.36803207 -1.46342423]
 [-0.56289284 -1.44354856]
 [-1.93398642 -1.53249608]
 [ 0.88815901  1.56213464]
 [ 0.28105777  0.80034103]
 [-1.48218025 -2.66949203]
 [ 0.55067855  2.20289809]
 [ 2.84878631  3.68110014]
 [-1.53749529 -3.02441594]
 [ 2.13237593  2.13897403]
 [ 1.80662875  1.52400205]
 [ 1.15859415  0.23806818]
 [-2.03477429 -1.92828284]
 [ 0.33547913  1.3531966 ]
 [ 2.4582007   3.48349495]
 [ 0.3050061   0.62144048]
 [ 0.89436277  0.86200928]
 [-0.89067964 -0.98314508]
 [ 2.25791409  4.27088889]
 [-1.30367667 -1.53000836]
 [ 2.84558405  2.43739398]
 [ 1.28057931  1.19651456]
 [-4.33088851 -4.58343653]
 [-1.41386141 -1.9502787 ]
 [-1.18970545 -1.95961728]
 [ 1.94014859  2.63213446]
 [-1.84780737 -1.10588254]]

Вы выбрали это вариант уравнения 1

Матрица A:
[[5.]]
Матрица B:
[[ -72.  -67.  -79.   86.  -35.   23.   27.  -16.   47.  -75.  -70.  -34.
    10.  -99.   11.  -40.  -94.  -87.   -2.  -49.  -77.  -93.   46.  -79.
    33.  -39.   91.  -42.   58.   93.  -74.  -65.  -15.  -80.   70.   17.
     2.  -14.   55.  -57.   33.   45.  -45.   35.   26.  -30.  -99.  -59.
   -65.  -19.   16.  -48.   20.   66.   85.   11.  -29.   47.   26.   15.
     6.  -32.  -69.   78.   41.   39.  -64.   54.  -93.  -18.   12.  -16.
    66.   42.  -82.    3.  -49.  -93.   77.    3.   -8.  -72.  -30.   89.
   -81.   17.   15.   70.   46.  -24.   62.   19.  -55.   -7.  -51.   49.
   -14.  -44.  -78.   88.   11.  -86.   17.  -28.   40.  -28.  -98.   19.
    30.  -79.  -16.  -54.   -2.  -78.  -64.   71.  -63.  -77.   -9.  -75.
     8.  -76.   87.  -13.  -10.   52.  -44.  -46.  -65.   54.  -18.  -42.
   -66.   79.  -17.  -10.  -27.  -30. -100.   88.   68.  -37.   42.   48.
     2.   83.   30.   37.   -8.  -92.  -23.  -62.   77.   64.  -38.  -66.
    -7.  -12.   34.  -97.  -80.   75.  -45.  -94.  -77.   46.   -4.   87.
    28.  -62.   53.   72.  -51.   -5.  -55.   54.   44.  -49.  -78.   10.
   -13.  -72.   78.  -54.   51.   32.  -62.   62.  -68.  -73.   95.   77.
   -98.   68.   52.   52.  -39.   -6.   -5.   54.   81.   10.  -43.  -22.
   -15.   70.   75.  -17.  -64.  -28.   17.  -52.  -62.  -92.  -90.   31.
    88.   87.   91.   28.  -19.   68.   13.  -95.  -91.  -74.   71.   -5.
   -37. -100.   76.  -78.   -2.   17.   77.  -68.  -77.  -76.   88.   95.
    13.  -81.  -46.  -34.  -49.   -6.   71.   -1.  -38.   10.  -33.   70.
    74.  -64.   62.   17.   24.  -38.  -90.  -78.   38.   -5.  -14.   10.
   -32.  -73.   42.   75.  -31.  -53.  -21.   71.   95.  -60.   66.   50.
    -1.   27.  -20.   73.   58.   51.    0.   19.  -56.  -72.   95.  -46.
    30.   82.    0.   68.   32.   38.  -19.   79.   48.  -91.   15.  -87.
   -28.   29.   48.   12.  -86.    7.   -6.  -81.   93.  -45.   96.  -99.
   -34.   -5.   19.   92.  -26.  -50.   51.  -11.   94. -100.  -36.   68.
    38.  -41.  -73.   54.   62.  -95.   88.  -53.  -72.  -66.   54.  -52.
    68.  -28.   22.   78.  -11.   70.    6.  -67.  -79.   17.   82.   75.
   -38.    6.  -36.  -93.  -23.  -31.   85.   12.  -33.  -94.  -51.  -14.
    37.    2.   83.   -8.  -67.  -76.   25.  -70.   94.  -20.   40.   33.
    23.  -24.  -71.   10.   17.  -77.  -57.   42.  -77.   74.  -21.  -73.
    17.    1.   -2.  -15.   42.  -16.   -6.   39.  -17.  -19.  -93.   72.
    37.  -54.    9.  -95.   39.  -10.  -14.  -99.   58.   47.   -2.   46.
   -20.   42.   43.   77.   64.   43.   69.   93.   78.   35.   19.   74.
   -34.  -45.   72.   -5.  -69.   81.  -29.   70.    9.    2.  -12.   46.
    23.  -57.   16.   69.  -66.  -95.  -79.   50.  -33.   47.   70.  -25.
   -17.   -7.   15.   86.   49.  -71.  -18.   41.   53.  -39.   98.  -49.
     3.  -88.   26.   93.   18.   61.  -99.   40.   68.   -5.  -48.   90.
    23.  -36.  -78.   87.  -61.   45.   15.   25.   33.  -34.  -87.    0.
    69.  -74.  -13.  -53.  -48.   10.   90.   58. -100.    8.   43.  -57.
    32.   -7.  -47.  -35.   -3.  -61.   78.  -11.   10.   19.   81.   71.
    71.   59.   91.  -98.  -94.  -87.  -90.  -61.   95.   85.   47.  -54.
   -62.   35.   16.   87.   -5.    7.   11.   59.   23.   97.   66.  -65.
   -59.    2.   66.  -48.   52.  -28.  -97.  -11.  -61.   42.  -37.   -5.
   -24.  -95.   70.   69.   81.    2.   11.   17.    6.   45.   75.   50.
    -2.   96.  -54.   29.  -72.  -21.  -72.  -55.  -47.    6.  -77.  -41.
    31.   38.   66.    1.   81.  -22.   22.  -43.  -11.   86.   81.  -92.
   -15.  -44.  -40.  -83.  -31.  -64.   86.   96.  -98.   35.  -95.   82.
    12.   18.   35.   46.   -4.  -98.   20.   78.  -60.   48.   12.   18.
   -39.   44.   48.   22.  -69.  -44.   -1.   72.  -40.   15.   82.  -64.
    18.   11.  -55.   72.   38.  -54.    0.   41.   69.  -95.  -73.  -15.
    58.  -92.   83.   87.  -32.   81.  -81.  -14.  -16.    2.  -24.  -51.
   -73.  -24.    9.   98.  -74.  -45.  -95.   41.    3.   86.  -56.  -82.
    98.   50.   -1.  -12.   58.    9.   69.  -77.   31.  -29. -100.  -86.
    45.   -2.   13.   66.   64.   66.    7.  -30.  -67.   91.   33.   84.
    89.  -30.   49.    0.   20.  -38.   63.   -2.   28.  -10.  -79.   26.
    66.   57.   -8.   17.  -99.  -60.  -34.   44.  -43.   91.   72.   27.
     9.  -90.   24.   25.  -57.  -56.   34.   43.  -78.   31.   -3.  -48.
    18.   24.  -96.  -39.   42.  -20.  -20.  -18.  -43.  -87.  -49.   97.
    67.   57.   63.   98.  -82.  -60.   -3.  -19.   95.   76.  -28.  -86.
    51.   13.   43.    7.   22.  -97.   65.   82.   -1.  -45.  -66.  -82.
    76.   94.  -99.  -50.  -62.  -13.  -31.   86.   91.  -65.  -76.   16.
    81.   19.   70.   36.  -16.  -79.  -17.   65.  -56.  -79.  -27.   88.
   -32.  -90.  -87.  -37.  -29.   74.  -24.   71.   20.  -77.  -22.  -19.
    90.   44.    5.  -69.   97.   32.  -45.   14.   42.  -72.  -74.   61.
   -97.   50.   61.  -49.   79.  -15.   42.  -44.   31.   11.  -81.  -60.
   -25.  -55.   98.   79.   93.  -82.   60.   73.  -56.   81.   69.   72.
   -63.   22.    5.  -11.  -12.  -38.  -28.   85.   24.  -89.    0.   80.
   -30.   40.    3.   67.  -62.   51.  -59.    9.   24.   28.  -73.   76.
    27.  -27.  -43.  -76.   77.   15.   96.  -33.  -73.  -72.  -54.   24.
    -6.  -79.   46.  -45.   75.  -28.  -61.   30.   47.  -24.  -20.  -52.
    -8.  -86.   -1.  -57.  -52.   82.   -8.  -94.    0.   11.  -24.    3.
     8.   69.   75.   58.   74.   18.  -65.  -77.   24.  -49.  -29.  -25.
   -20.  -39.  -16.  -97.   43.  -51.   18.   58.  -55.    2.   81.   79.
    15.  -33.   44.   55.  -77.   -8.   55.   66.   31.  -34.  -45.   97.
    86.    3.   64.   32.  -90.  -58.  -55.   68.  -52.  -65.   46.   94.
    86.  -10.   17.   43.   61.   -6.   50.   45.  -49.   -5.  -36.  -17.
    87.   97.  -19.  -86.   13.   21.   86.    1.   95.   81.   13.   36.
    26.   67.   48.    3.  -32.  -42.   73.   54.  -37.   99.  -62.  -50.
    -4.  -46.  -51.   34.   12.   57.   41.   -5.   87.   42.  -55.  -41.
    12.  -63.   76.   29.   81.  -89.   56.  -39.  -84.  -83.   41.   25.
   -44.  -39.  -53.    6.  -56.   -7.   66.   10.   59.   -7.  -49.  -55.
   -15.  -59.   75.   62.]]
Матрица X:
[[-14.4 -13.4 -15.8  17.2  -7.    4.6   5.4  -3.2   9.4 -15.  -14.   -6.8
    2.  -19.8   2.2  -8.  -18.8 -17.4  -0.4  -9.8 -15.4 -18.6   9.2 -15.8
    6.6  -7.8  18.2  -8.4  11.6  18.6 -14.8 -13.   -3.  -16.   14.    3.4
    0.4  -2.8  11.  -11.4   6.6   9.   -9.    7.    5.2  -6.  -19.8 -11.8
  -13.   -3.8   3.2  -9.6   4.   13.2  17.    2.2  -5.8   9.4   5.2   3.
    1.2  -6.4 -13.8  15.6   8.2   7.8 -12.8  10.8 -18.6  -3.6   2.4  -3.2
   13.2   8.4 -16.4   0.6  -9.8 -18.6  15.4   0.6  -1.6 -14.4  -6.   17.8
  -16.2   3.4   3.   14.    9.2  -4.8  12.4   3.8 -11.   -1.4 -10.2   9.8
   -2.8  -8.8 -15.6  17.6   2.2 -17.2   3.4  -5.6   8.   -5.6 -19.6   3.8
    6.  -15.8  -3.2 -10.8  -0.4 -15.6 -12.8  14.2 -12.6 -15.4  -1.8 -15.
    1.6 -15.2  17.4  -2.6  -2.   10.4  -8.8  -9.2 -13.   10.8  -3.6  -8.4
  -13.2  15.8  -3.4  -2.   -5.4  -6.  -20.   17.6  13.6  -7.4   8.4   9.6
    0.4  16.6   6.    7.4  -1.6 -18.4  -4.6 -12.4  15.4  12.8  -7.6 -13.2
   -1.4  -2.4   6.8 -19.4 -16.   15.   -9.  -18.8 -15.4   9.2  -0.8  17.4
    5.6 -12.4  10.6  14.4 -10.2  -1.  -11.   10.8   8.8  -9.8 -15.6   2.
   -2.6 -14.4  15.6 -10.8  10.2   6.4 -12.4  12.4 -13.6 -14.6  19.   15.4
  -19.6  13.6  10.4  10.4  -7.8  -1.2  -1.   10.8  16.2   2.   -8.6  -4.4
   -3.   14.   15.   -3.4 -12.8  -5.6   3.4 -10.4 -12.4 -18.4 -18.    6.2
   17.6  17.4  18.2   5.6  -3.8  13.6   2.6 -19.  -18.2 -14.8  14.2  -1.
   -7.4 -20.   15.2 -15.6  -0.4   3.4  15.4 -13.6 -15.4 -15.2  17.6  19.
    2.6 -16.2  -9.2  -6.8  -9.8  -1.2  14.2  -0.2  -7.6   2.   -6.6  14.
   14.8 -12.8  12.4   3.4   4.8  -7.6 -18.  -15.6   7.6  -1.   -2.8   2.
   -6.4 -14.6   8.4  15.   -6.2 -10.6  -4.2  14.2  19.  -12.   13.2  10.
   -0.2   5.4  -4.   14.6  11.6  10.2   0.    3.8 -11.2 -14.4  19.   -9.2
    6.   16.4   0.   13.6   6.4   7.6  -3.8  15.8   9.6 -18.2   3.  -17.4
   -5.6   5.8   9.6   2.4 -17.2   1.4  -1.2 -16.2  18.6  -9.   19.2 -19.8
   -6.8  -1.    3.8  18.4  -5.2 -10.   10.2  -2.2  18.8 -20.   -7.2  13.6
    7.6  -8.2 -14.6  10.8  12.4 -19.   17.6 -10.6 -14.4 -13.2  10.8 -10.4
   13.6  -5.6   4.4  15.6  -2.2  14.    1.2 -13.4 -15.8   3.4  16.4  15.
   -7.6   1.2  -7.2 -18.6  -4.6  -6.2  17.    2.4  -6.6 -18.8 -10.2  -2.8
    7.4   0.4  16.6  -1.6 -13.4 -15.2   5.  -14.   18.8  -4.    8.    6.6
    4.6  -4.8 -14.2   2.    3.4 -15.4 -11.4   8.4 -15.4  14.8  -4.2 -14.6
    3.4   0.2  -0.4  -3.    8.4  -3.2  -1.2   7.8  -3.4  -3.8 -18.6  14.4
    7.4 -10.8   1.8 -19.    7.8  -2.   -2.8 -19.8  11.6   9.4  -0.4   9.2
   -4.    8.4   8.6  15.4  12.8   8.6  13.8  18.6  15.6   7.    3.8  14.8
   -6.8  -9.   14.4  -1.  -13.8  16.2  -5.8  14.    1.8   0.4  -2.4   9.2
    4.6 -11.4   3.2  13.8 -13.2 -19.  -15.8  10.   -6.6   9.4  14.   -5.
   -3.4  -1.4   3.   17.2   9.8 -14.2  -3.6   8.2  10.6  -7.8  19.6  -9.8
    0.6 -17.6   5.2  18.6   3.6  12.2 -19.8   8.   13.6  -1.   -9.6  18.
    4.6  -7.2 -15.6  17.4 -12.2   9.    3.    5.    6.6  -6.8 -17.4   0.
   13.8 -14.8  -2.6 -10.6  -9.6   2.   18.   11.6 -20.    1.6   8.6 -11.4
    6.4  -1.4  -9.4  -7.   -0.6 -12.2  15.6  -2.2   2.    3.8  16.2  14.2
   14.2  11.8  18.2 -19.6 -18.8 -17.4 -18.  -12.2  19.   17.    9.4 -10.8
  -12.4   7.    3.2  17.4  -1.    1.4   2.2  11.8   4.6  19.4  13.2 -13.
  -11.8   0.4  13.2  -9.6  10.4  -5.6 -19.4  -2.2 -12.2   8.4  -7.4  -1.
   -4.8 -19.   14.   13.8  16.2   0.4   2.2   3.4   1.2   9.   15.   10.
   -0.4  19.2 -10.8   5.8 -14.4  -4.2 -14.4 -11.   -9.4   1.2 -15.4  -8.2
    6.2   7.6  13.2   0.2  16.2  -4.4   4.4  -8.6  -2.2  17.2  16.2 -18.4
   -3.   -8.8  -8.  -16.6  -6.2 -12.8  17.2  19.2 -19.6   7.  -19.   16.4
    2.4   3.6   7.    9.2  -0.8 -19.6   4.   15.6 -12.    9.6   2.4   3.6
   -7.8   8.8   9.6   4.4 -13.8  -8.8  -0.2  14.4  -8.    3.   16.4 -12.8
    3.6   2.2 -11.   14.4   7.6 -10.8   0.    8.2  13.8 -19.  -14.6  -3.
   11.6 -18.4  16.6  17.4  -6.4  16.2 -16.2  -2.8  -3.2   0.4  -4.8 -10.2
  -14.6  -4.8   1.8  19.6 -14.8  -9.  -19.    8.2   0.6  17.2 -11.2 -16.4
   19.6  10.   -0.2  -2.4  11.6   1.8  13.8 -15.4   6.2  -5.8 -20.  -17.2
    9.   -0.4   2.6  13.2  12.8  13.2   1.4  -6.  -13.4  18.2   6.6  16.8
   17.8  -6.    9.8   0.    4.   -7.6  12.6  -0.4   5.6  -2.  -15.8   5.2
   13.2  11.4  -1.6   3.4 -19.8 -12.   -6.8   8.8  -8.6  18.2  14.4   5.4
    1.8 -18.    4.8   5.  -11.4 -11.2   6.8   8.6 -15.6   6.2  -0.6  -9.6
    3.6   4.8 -19.2  -7.8   8.4  -4.   -4.   -3.6  -8.6 -17.4  -9.8  19.4
   13.4  11.4  12.6  19.6 -16.4 -12.   -0.6  -3.8  19.   15.2  -5.6 -17.2
   10.2   2.6   8.6   1.4   4.4 -19.4  13.   16.4  -0.2  -9.  -13.2 -16.4
   15.2  18.8 -19.8 -10.  -12.4  -2.6  -6.2  17.2  18.2 -13.  -15.2   3.2
   16.2   3.8  14.    7.2  -3.2 -15.8  -3.4  13.  -11.2 -15.8  -5.4  17.6
   -6.4 -18.  -17.4  -7.4  -5.8  14.8  -4.8  14.2   4.  -15.4  -4.4  -3.8
   18.    8.8   1.  -13.8  19.4   6.4  -9.    2.8   8.4 -14.4 -14.8  12.2
  -19.4  10.   12.2  -9.8  15.8  -3.    8.4  -8.8   6.2   2.2 -16.2 -12.
   -5.  -11.   19.6  15.8  18.6 -16.4  12.   14.6 -11.2  16.2  13.8  14.4
  -12.6   4.4   1.   -2.2  -2.4  -7.6  -5.6  17.    4.8 -17.8   0.   16.
   -6.    8.    0.6  13.4 -12.4  10.2 -11.8   1.8   4.8   5.6 -14.6  15.2
    5.4  -5.4  -8.6 -15.2  15.4   3.   19.2  -6.6 -14.6 -14.4 -10.8   4.8
   -1.2 -15.8   9.2  -9.   15.   -5.6 -12.2   6.    9.4  -4.8  -4.  -10.4
   -1.6 -17.2  -0.2 -11.4 -10.4  16.4  -1.6 -18.8   0.    2.2  -4.8   0.6
    1.6  13.8  15.   11.6  14.8   3.6 -13.  -15.4   4.8  -9.8  -5.8  -5.
   -4.   -7.8  -3.2 -19.4   8.6 -10.2   3.6  11.6 -11.    0.4  16.2  15.8
    3.   -6.6   8.8  11.  -15.4  -1.6  11.   13.2   6.2  -6.8  -9.   19.4
   17.2   0.6  12.8   6.4 -18.  -11.6 -11.   13.6 -10.4 -13.    9.2  18.8
   17.2  -2.    3.4   8.6  12.2  -1.2  10.    9.   -9.8  -1.   -7.2  -3.4
   17.4  19.4  -3.8 -17.2   2.6   4.2  17.2   0.2  19.   16.2   2.6   7.2
    5.2  13.4   9.6   0.6  -6.4  -8.4  14.6  10.8  -7.4  19.8 -12.4 -10.
   -0.8  -9.2 -10.2   6.8   2.4  11.4   8.2  -1.   17.4   8.4 -11.   -8.2
    2.4 -12.6  15.2   5.8  16.2 -17.8  11.2  -7.8 -16.8 -16.6   8.2   5.
   -8.8  -7.8 -10.6   1.2 -11.2  -1.4  13.2   2.   11.8  -1.4  -9.8 -11.
   -3.  -11.8  15.   12.4]]

Вы выбрали это вариант уравнения 2

Матрица A:
[[-68.  14.]
 [-49. -89.]]
Матрица B:
[[ 91.]
 [ 48.]
 [-55.]
 [-16.]
 [-20.]
 [-76.]
 [-41.]
 [-17.]
 [ 86.]
 [-70.]
 [ 68.]
 [-86.]]
Матрица X:
None

Вы выбрали это вариант уравнения 3

Матрица A:
[[-76.  99.  77. -59.  73.  22. -32.  50. -26.  89.]
 [-75. -85. -31.   7.  86.  -4.  60.  33.  55. -63.]
 [-27. -68. -98.  11. -69.  -7.  67.   9.  10. -96.]
 [-80. -22. -11. -89. -50.  73.  91.  20. -97. -78.]
 [ 27. -33. -69.  60.  -5.  45.   7.   4. -43. -81.]
 [-28.  89. -53.  17.   1.   5.  -8. -59. -12. -80.]
 [ 20.  -1.   2. -87. -81.  31. -13. -51. -53. -29.]
 [ 10.  39.  35. -99. -16. -41. -95.  17.  28. -82.]
 [ -8. -39. -69. -89. -48.  71.  13.  53. -46.  52.]
 [  8.  47.  46. -18. -97. -49.  -1.  11.  54.  38.]]
Матрица B:
[[-58.  60.]
 [ 22. -38.]
 [ 91.  -3.]
 [ 83. -35.]
 [ -3.  11.]
 [ 59.  38.]
 [ 51.  20.]
 [ 84. -89.]
 [-34.   4.]
 [-23. -14.]]
Матрица C:
[[-66.  -4.]
 [ 86.  37.]]
Матрица X:
[[-0.13236922 -0.10127935]
 [-0.04982369 -0.0384692 ]
 [ 0.01027117  0.00243597]
 [ 0.07684467  0.05180179]
 [-0.05951022 -0.04275837]
 [ 0.06125295  0.02501481]
 [-0.11650496 -0.08503111]
 [-0.04561837 -0.03700332]
 [ 0.00307356 -0.01077185]
 [ 0.04187817  0.02694592]]

Вы выбрали это вариант уравнения 2

Матрица A:
[[-93.  70. -51. -25.]
 [  4. -17.  76.  94.]
 [-90.  53. -94. -46.]
 [ 24.  99.  38. -11.]]
Матрица B:
[[-93. -75.  71. -13.]
 [-70.  31.  -4.  50.]
 [ 91.  71.  12. -83.]
 [-22. -63. -48.  36.]]
Матрица X:
[[ 7.61258683 -2.10852289 -7.57871589 -2.44499015]
 [ 0.04902997  0.92661965  0.77442673  0.02298808]
 [-0.49353801 -1.02560575 -0.27071682  1.03495308]
 [-1.83193865  0.8841818   2.09400886 -0.31025933]]

Вы выбрали это вариант уравнения 1

Матрица A:
[[3. 2. 1.]
 [2. 3. 1.]
 [2. 1. 3.]]
Матрица B:
[[ 5.]
 [-1.]
 [ 4.]]
Матрица X:
[[ 3.41666667]
 [-2.58333333]
 [-0.08333333]]

Вы выбрали это вариант уравнения 2

Матрица A:
[[9. 7. 6.]
 [1. 1. 2.]
 [1. 1. 1.]]
Матрица B:
[[ 2.  0. -2.]
 [18. 12.  9.]
 [24. 14. 11.]]
Матрица X:
[[  1.  -1.  -6.]
 [  3.   0.  -9.]
 [  5.   2. -23.]]

Вы выбрали это вариант уравнения 3

Матрица A:
[[-2.  5.]
 [ 1. -2.]]
Матрица B:
[[2. 5.]
 [1. 2.]]
Матрица C:
[[85. 13.]
 [64. -6.]]
Матрица X:
[[ 0.99403875 -1.17958271]
 [ 0.44709389 -0.53129657]]

Вы выбрали это вариант уравнения 3

Матрица A:
[[-2.  5.]
 [ 1. -2.]]
Матрица B:
[[ 8. 10.]
 [-2. -1.]]
Матрица C:
[[2. 5.]
 [1. 2.]]
Матрица X:
[[3. 0.]
 [0. 4.]]

Вы выбрали это вариант уравнения 2

Матрица A:
[[-28. -55.]
 [-77.  60.]]
Матрица B:
[[  5. -97.]
 [-24.  79.]]
Матрица X:
[[ 1.21200338 -0.50566357]
 [-0.78495351  0.59712595]]

